Итерация	Значение_функции
0	86545809009403.0
1	86994089537958.4
2	86819138920856.34
3	82502950832828.16
4	83666219729175.28
5	79877386445833.28
6	80623437574531.94
7	81135086933889.72
8	81913356088014.0
9	81907295774687.58
10	81879545945106.23
11	78921275105569.75
12	78516672719515.81
13	80628738063095.33
14	76847692143287.5
15	80978152741352.27
16	76636525498761.5
17	75849202255046.55
18	75374504911253.55
19	75699066699470.22
20	75018532708069.11
21	73131011396923.27
22	74593949866002.97
23	70902692821107.48
24	72713247737580.23
25	71206296162048.17
26	71602413034520.58
27	73431673897853.86
28	70517793309929.03
29	71429145450915.98
30	70601473328359.75
31	66871270938628.33
32	65832264689699.2
33	64357663366789.61
34	65750613716756.88
35	63945412082914.06
36	64120046615414.695
37	66675246345284.05
38	65529679362876.445
39	65058310135843.27
40	64837885228287.74
41	65055503386811.82
42	64797428971887.88
43	64346750155422.81
44	63713375947839.08
45	64153965477369.47
46	63491518451239.2
47	64627504581560.945
48	64101152440346.836
49	64437576613333.23
50	63198671524302.055
51	62254850930859.85
52	62531912578924.234
53	62536871148183.75
54	61744068384174.06
55	62023859584845.31
56	61962496083989.19
57	61648525695548.19
58	61686722457597.81
59	61920745788798.69
60	61979156881476.44
61	62202869103948.57
62	61851909420572.72
63	62194290019206.22
64	61473337604000.766
65	61585839035900.23
66	61260602877134.56
67	61477962644735.805
68	61070830910230.59
69	60825130842811.36
70	60716915613760.97
71	60914925508211.26
72	60327299505968.28
73	60556682380995.93
74	59917366917867.25
75	60455088058099.57
76	60154798731371.195
77	60091123768167.13
78	59946754761453.055
79	59863479590056.93
80	59756846980781.89
81	59567694735552.74
82	59678608249624.44
83	59591659278226.836
84	59779400818376.16
85	59800816429129.38
86	59459670529854.41
87	59345515601897.69
88	59267480468803.375
89	59459231571970.91
90	59500042072239.164
91	58933938367634.61
92	58617627919665.12
93	58434905658237.04
94	58241043252563.2
95	58596798375055.22
96	57733881046506.99
97	57457441225130.02
98	58023318363866.66
99	57976229009012.67
100	57563090596914.336
101	57160687978903.48
102	57116897103205.375
103	56938181375982.31
104	57186541719641.45
105	57148693713040.96
106	56599965860556.16
107	56332094431213.78
108	56285232871603.695
109	55861632414471.79
110	55916171110180.9
111	56080045560895.59
112	55820211082839.34
113	55473809241360.88
114	56069673987033.87
115	55594878849919.914
116	55425273694498.87
117	55198498973182.336
118	55158953048361.02
119	55571585514096.81
120	55497667468630.336
121	55515369141445.055
122	55157753197963.625
123	55034221856279.38
124	55019196482865.78
125	55399601987147.8
126	54999031654003.84
127	54714563897789.75
128	54430618838431.875
129	54071993974474.16
130	54220778518140.43
131	54149075643318.14
132	53641659176648.74
133	53857999392079.77
134	53740794287792.16
135	53217119660861.875
136	52648968052657.49
137	52033838046028.59
138	51342836647689.7
139	50400503417980.05
140	50087503511512.0
141	50569038323015.4
142	50472360017813.81
143	50074366735952.984
144	50177849169276.54
145	50856631521446.67
146	49550355860938.49
147	49190871495820.805
148	49566854763753.72
149	49363590367325.086
150	49509653505506.516
151	49335654902760.71
152	49466330658247.305
153	49202299479049.68
154	49071341109322.24
155	48804223619423.875
156	48594067365503.45
157	48488265350462.57
158	48664544646559.81
159	47916745918933.586
160	47724545034425.35
161	47861265264687.04
162	48221594175014.14
163	47459948082947.75
164	47810228146543.76
165	47599974228690.17
166	47789243454674.4
167	47704599545298.01
168	46886624822857.3
169	47083159795142.72
170	47405319129493.02
171	46759416225650.29
172	47306616292070.47
173	46780352609770.02
174	46585839059092.586
175	46150983999428.91
176	45925754497118.2
177	46269735743373.94
178	45960203528381.17
179	45900937055278.87
180	45892998116123.22
181	46150440353395.91
182	45745122313472.24
183	45523764684496.33
184	45508149582690.48
185	45541242244670.35
186	45493561919800.57
187	45555082330415.58
188	45319557227754.24
189	45040876210873.03
190	45069436271968.92
191	45177863562806.57
192	44525512397262.83
193	44555578594518.305
194	44321779004835.4
195	44487549632922.1
196	44303803231239.16
197	44123741383305.72
198	44185502352974.336
199	43730190487058.39
200	43760934033451.53
201	43498125630871.664
202	43161470285242.836
203	43069880085086.47
204	43301830294738.31
205	42701055830065.945
206	42847367259847.69
207	42536676208880.64
208	42415505210249.87
209	42074764056903.336
210	41734554435377.49
211	41465443887157.27
212	40832039795277.016
213	41136543436014.62
214	40208158165294.74
215	40215902718154.64
216	40118330147922.18
217	40277591930447.45
218	39937226352534.84
219	38928924021638.734
220	38905366755844.95
221	38717698146770.055
222	38344977626026.1
223	38335792816690.92
224	38034735951005.06
225	37321746276340.34
226	38268085697108.16
227	36859816049040.42
228	36224949843547.68
229	36281033173886.695
230	34676690477732.484
231	35264783396741.63
232	34749256715107.934
233	34888480822465.45
234	35571288631976.73
235	34308341261625.332
236	34743726976868.47
237	34002068689593.914
238	33888944091540.438
239	33330636947685.832
240	33567916304607.668
241	33067902212724.75
242	33837905104493.035
243	32713170299529.938
244	33104117471093.86
245	33380053357198.51
246	33290148057634.312
247	33009585078357.215
248	32638256669527.953
249	32541028991442.223
250	33054989076831.598
251	33542656103161.777
252	32967832807813.973
253	33090405212491.06
254	32570241102322.168
255	32498953484099.266
256	32418872755172.91
257	31853650894258.957
258	32037825107853.65
259	31186838231859.234
260	31303315969218.562
261	31394908758842.895
262	31162850335236.71
263	31434376427738.074
264	30886581762241.11
265	30512208669040.754
266	30978142157606.85
267	29812057416974.746
268	29910861840320.27
269	29656256165061.004
270	29368301958018.0
271	29938740082989.363
272	29870373297355.727
273	29366120804966.543
274	29459006028369.02
275	29111980639748.28
276	29345345454090.797
277	29075143152565.918
278	28919843662623.035
279	28864790968126.547
280	28455905619654.676
281	27148593288067.785
282	26695341105538.63
283	26558260457128.344
284	25514750882326.504
285	25863695609580.906
286	24973162914151.53
287	25968008999067.098
288	25307618193053.832
289	25055288399221.055
290	24961711134227.344
291	25040305033670.402
292	25118742057452.63
293	24882326143591.69
294	24550924267291.84
295	23649781182877.707
296	24618971035540.332
297	23611535628272.668
298	23029944583403.14
299	22532006077606.64
300	21359824535205.125
301	22044164496504.297
302	21342159982904.125
303	20739355079916.082
304	21487467418974.03
305	21439832989233.836
306	20726999526453.05
307	21085305543290.414
308	20690707988392.18
309	20474637421998.703
310	20684592881707.38
311	20310087960361.094
312	20307970758851.793
313	20211808806989.77
314	19766628339508.875
315	19285595345084.566
316	16944950494571.621
317	16124351126267.934
318	16224014852079.766
319	17608382661036.09
320	16043638735709.387
321	16743130426680.254
322	15954104668568.793
323	16095099725661.39
324	15492643585279.812
325	15050534759357.006
326	14881301158347.68
327	13617332788161.22
328	11740067399500.996
329	13017696619407.732
330	10834453839863.139
331	10899073020895.352
332	11253205997689.174
333	10611901983338.908
334	12018122440088.705
335	10041557620445.553
336	10706281385511.502
337	9548987222159.637
338	10371654230273.807
339	9991266538009.35
340	10110525947927.799
341	9641386755279.453
342	9562859649619.848
343	9289726957583.107
344	9978256991245.295
345	8819626143917.154
346	8502024692863.261
347	8460736036803.754
348	9564754685012.938
349	8662287200329.511
350	8246479596221.682
351	8343039929756.63
352	8354396224485.848
353	8275132154431.986
354	8417015644402.286
355	8205072661791.434
356	8084734290172.947
357	7797891606922.734
358	7555605978393.601
359	7548667661998.05
360	6799605471129.1875
361	7449012443748.008
362	6703295493340.719
363	6404574652823.8955
364	6679249599596.24
365	6447081021221.808
366	5924671740781.243
367	6103855693427.857
368	6010398319660.808
369	5785112271711.027
370	5305587671068.163
371	5288251025558.421
372	5599143930140.02
373	4794433588399.083
374	4588322514422.031
375	4301604888668.8438
376	4549305058191.224
377	3589200570841.426
378	3745922505065.7627
379	3292432474513.804
380	3369787749109.2305
381	3732053025072.1445
382	3711408140885.043
383	3452259692411.781
384	3373902695373.7847
385	3256215229899.7217
386	3485379060463.739
387	3119418783669.602
388	3208293496563.433
389	3294749944328.693
390	3107787403228.6685
391	2628276795781.299
392	2601085507614.204
393	2574463279281.1025
394	2491641962697.927
395	2469107921958.675
396	2588582494101.8267
397	2311743601144.7515
398	2590094248274.3047
399	2599324432334.6577
400	2534971545382.274
401	2237525145667.6343
402	2181453737166.0388
403	2039430022838.5945
404	2503404070143.223
405	2059123177718.0967
406	2198741167696.892
407	2140911208761.1606
408	2148844093641.9717
409	1955252479566.039
410	1782357570702.2798
411	1946539221360.8308
412	1797542550369.9773
413	1843089936502.6926
414	1840051958266.6208
415	1672244172279.8809
416	1706942053389.6274
417	1640689180000.3638
418	1632320904223.6948
419	1720789995183.2551
420	1653305797234.4412
421	1578148589915.137
422	1498112618471.557
423	1580550316420.5725
424	1559809563501.0383
425	1493842862927.8293
426	1463837006314.2996
427	1436430023891.3706
428	1366988093121.1104
429	1445421817033.4565
430	1371295490255.8997
431	1368829237429.7449
432	1350665547481.3857
433	1380462871602.573
434	1308721093497.1753
435	1340393143778.0852
436	1365274599145.7688
437	1349091890438.8215
438	1377522921914.7856
439	1321272536205.695
440	1319638993424.1924
441	1215070028709.5088
442	1187997823160.8862
443	1208962823397.9773
444	1174801426748.0518
445	1183490685629.8591
446	1190155989184.2637
447	1150246716087.4084
448	1139482838929.774
449	1118628472680.8796
450	1089583572703.1328
451	1171080940416.0295
452	1056615724178.8915
453	1055113212451.1696
454	967394077070.4974
455	1085593512098.5599
456	887095484517.6761
457	958046804967.9232
458	873838112418.2462
459	857418853625.5101
460	890525823446.3895
461	883743056550.8726
462	816553594782.9814
463	748874325992.0273
464	704875912408.7574
465	721696996429.6509
466	673030645980.3931
467	694232284110.0137
468	679886895664.6252
469	651647465112.079
470	649770428368.1715
471	729790912195.817
472	738089239514.8999
473	624553154608.7013
474	667227972354.6476
475	574569819229.6257
476	614324972054.9403
477	591900758707.4458
478	587137558138.2761
479	580371434616.8221
480	570511650584.1975
481	514882522327.21375
482	458647637317.57605
483	484031934502.9818
484	477216271617.99036
485	429734303420.3216
486	472390818390.77625
487	404381358782.78076
488	409786772240.0521
489	435046230284.914
490	404243666885.50665
491	431461874867.32184
492	411282236843.5128
493	420529682647.2732
494	403404747751.60455
495	412103335371.8526
496	404798466284.49646
497	403864243046.3101
498	391097120942.83997
499	393546135591.8951
500	397767192877.9828
501	383061194788.8487
502	379235620716.2507
503	383352563902.0128
504	376635108391.5593
505	340112207579.5173
506	340681027547.70654
507	338056681283.8373
508	346416321933.69965
509	325719659280.87286
510	329402809701.1157
511	326530534047.73627
512	326855553017.72437
513	326667038681.7387
514	329869904192.3799
515	324073062073.5355
516	327203883341.6136
517	321117615066.8993
518	319225991964.49725
519	328495753132.3715
520	309967415250.3502
521	325868493234.8972
522	299761452637.9109
523	308500806211.116
524	303884388674.0034
525	305629077294.90607
526	295400438390.9223
527	300318285852.864
528	298788544253.06757
529	295166890985.8124
530	295138399345.1214
531	294209090985.33124
532	297272443303.41956
533	298113484659.64124
534	291326326867.98083
535	296142359040.05676
536	299929338061.11237
537	288527442111.665
538	286465463409.55914
539	280433556652.0238
540	277946581027.5824
541	280046806018.89435
542	276481683143.44214
543	280099548340.7751
544	279241438513.9861
545	276341876286.1829
546	273244562528.9311
547	280217859913.9202
548	273626470548.80136
549	277183171229.394
550	272154563179.07257
551	267542381761.78015
552	276889721507.033
553	260969957519.75192
554	262960697289.1523
555	255058325740.85815
556	255271880912.45676
557	253742432293.88898
558	252003205228.04736
559	248170988588.89658
560	245668732017.11557
561	254066705426.00592
562	256724408333.56287
563	248970016494.55853
564	252093754791.32248
565	245204489409.08325
566	247907710058.04025
567	247219217375.39334
568	247151988332.7869
569	244136223164.14136
570	239858594131.36557
571	235343281274.98248
572	242285403348.31522
573	239508173622.0402
574	235553685814.27505
575	235399624207.26767
576	231367097852.11035
577	230287427697.10468
578	233193294567.41266
579	230083842474.66815
580	231867529437.2218
581	228196404705.14194
582	231368591158.88608
583	225365854003.46933
584	227550839770.54337
585	221222227293.69186
586	218841717842.18732
587	223650341547.33038
588	216839965396.13742
589	223670735330.4573
590	218158746764.9483
591	217521723493.51077
592	216803084701.42615
593	212364188057.0985
594	216416497483.3988
595	211712151888.9421
596	217267816024.73645
597	210143846972.784
598	205327902067.38718
599	203741525265.05396
600	196634847515.39835
601	200521151162.34802
602	196830182826.15744
603	191045312876.5961
604	185570570778.9964
605	188495770603.09048
606	185533275514.3344
607	185274706860.56256
608	180497036751.26373
609	179501354783.34225
610	184744911802.86188
611	179275163988.3808
612	175803100179.17657
613	176233132795.0556
614	177935140411.7433
615	168615828606.76917
616	164323590131.63727
617	172191393282.94333
618	162001577744.9626
619	164283063151.95483
620	163166926508.72247
621	163203961645.64597
622	163700865063.88367
623	157342580368.5431
624	158462594572.82434
625	156961480143.98126
626	156755931355.56415
627	151748959691.21985
628	152866176462.51318
629	156327097129.21573
630	155042157867.411
631	150786006737.868
632	147054887524.64062
633	146903104062.61398
634	146234772995.5548
635	149001966244.59253
636	148950329138.15674
637	145315111715.25882
638	145505010322.76956
639	142453458783.18347
640	145591253247.41678
641	143206208896.1121
642	141302484601.90305
643	138336830613.59973
644	136485966518.63087
645	142392022588.5027
646	138165358540.5147
647	131529921269.38159
648	137852621216.65488
649	129187419281.94197
650	131642991975.12262
651	134673952409.99983
652	130201934124.84233
653	128674905756.9254
654	126680384377.99245
655	128622634237.69
656	124161282331.19804
657	121404036090.86572
658	123453425732.83702
659	121017502457.8981
660	123043055188.96822
661	121380230261.57037
662	117475706638.47722
663	116455134441.00505
664	118934475185.53247
665	115660630190.38846
666	118698424938.69283
667	120644222532.03241
668	118880107132.08545
669	115640907276.67393
670	114653954177.98895
671	111535785689.2557
672	110286859204.8933
673	106256254613.54163
674	113380416511.28784
675	104743555985.41508
676	105059026621.33925
677	105317122516.1285
678	107044796824.56412
679	103279999830.5724
680	104091819956.7737
681	102396626830.11322
682	103748581849.60999
683	103298181938.41043
684	101060284739.45392
685	99611583890.58128
686	100337301165.56937
687	100920471638.1126
688	98109245882.8818
689	98395658950.66086
690	98307423959.11983
691	95008674577.28967
692	97303637648.4056
693	96527262292.82596
694	94534230870.59833
695	93521550275.00246
696	93644736273.48558
697	92065956620.59676
698	91105857337.25807
699	90820368725.24419
700	88054001527.45793
701	83639857244.01538
702	82323028748.23462
703	83555294277.31046
704	81316283971.29613
705	81307455947.09561
706	85546585709.26979
707	81943228874.2083
708	80776113198.24995
709	83242285153.65038
710	80795222165.47736
711	78635263923.90295
712	79284696037.94226
713	77240883015.93066
714	77670789666.00983
715	74396215494.26085
716	74767851423.82263
717	76850076997.19148
718	74704365461.30469
719	73887589052.38464
720	76458612848.6064
721	73360836863.33914
722	73755263658.66594
723	72497805040.76146
724	71591863725.1621
725	70379871277.07744
726	68575613484.71859
727	69310630691.56902
728	69242018873.28624
729	68658606935.29001
730	70215952081.1227
731	68299062471.59392
732	67438899083.91186
733	66003382943.72043
734	63460502698.60048
735	61628291966.77779
736	63715787653.28421
737	64645983626.155815
738	61205153480.44235
739	60386942872.89504
740	61872394934.51788
741	60322505244.09602
742	63445117745.910385
743	61311882442.762
744	59827220315.68798
745	61456817962.48169
746	60183365209.012566
747	58835154170.416306
748	58033577432.4298
749	57906793471.738976
750	59738774559.864204
751	58135114626.48153
752	58248743160.39894
753	57725123770.60321
754	58505547624.61344
755	58777632717.9906
756	57330142202.69324
757	56819262248.334625
758	56333447990.1942
759	58081871473.58855
760	55016305989.384476
761	55686690582.4352
762	53737132157.49871
763	54846738083.77933
764	54323623773.43481
765	53478219915.28399
766	53387302065.54563
767	52478862831.0171
768	52504310919.69708
769	53386222503.92494
770	52147413092.49173
771	51858333477.17265
772	52619924974.72306
773	51332408045.37704
774	49951842487.38945
775	49338221272.11374
776	49133942664.36603
777	48899810088.406715
778	50063004417.94851
779	50845049957.58654
780	47864414220.53574
781	46809074459.01071
782	47836551959.92197
783	42695929197.43987
784	42692697369.02863
785	44929460621.04291
786	42070058985.778786
787	41118251724.5688
788	41925432818.899994
789	41652279204.39195
790	39461382568.39972
791	39297155923.91506
792	40142778934.31662
793	40716701337.63463
794	41906371295.359795
795	41212844670.87833
796	39951810221.42089
797	37004393879.14823
798	36947235223.02611
799	36688698571.96078
800	35887843106.304955
801	36418667407.035484
802	35618450582.514244
803	34028406710.31232
804	36214017916.50472
805	34030710111.624004
806	33396089339.076855
807	32847980214.926075
808	31351897997.632504
809	30647759623.065002
810	32524729775.48166
811	30756537762.9942
812	29807016643.946888
813	31030106507.710304
814	31156100773.1208
815	30410916831.575603
816	29428656737.221054
817	29174311606.39919
818	28899661885.64116
819	30242029174.272285
820	28516445216.11786
821	26520748464.744205
822	24742903268.257515
823	25086977115.833252
824	26067247451.0467
825	26278364341.925255
826	25709423345.45743
827	24175531826.044537
828	21746461421.680374
829	20218447274.766373
830	20288470550.95131
831	19236720793.32966
832	20144683859.222103
833	19504480588.1297
834	18860264454.44554
835	18952145296.66227
836	19458287402.0143
837	19119468991.37937
838	18721241435.85866
839	17339386613.782143
840	17060854586.96282
841	16560241966.245193
842	17179739799.725798
843	16314328013.724075
844	16416774013.640406
845	14888848646.087486
846	15247294396.094942
847	15574914964.266258
848	15132298798.985294
849	14156152811.617014
850	14090309003.354898
851	14257712368.797203
852	13814040142.532623
853	14617077229.307798
854	14661673988.860067
855	13468382432.699665
856	13927314880.35476
857	13474864757.224182
858	13227185143.121944
859	13901546456.371372
860	13891889835.453596
861	13037819798.54654
862	13703458753.443373
863	12702393250.93123
864	12730756098.724434
865	13209502941.453037
866	12856491980.692497
867	13370949043.599745
868	13040580000.771523
869	12710030293.482546
870	12978833164.917578
871	12860686461.798727
872	12783396104.944607
873	12696983573.786097
874	12736896665.635387
875	12975074172.972534
876	12369916864.695902
877	12327304645.328918
878	12320585221.366516
879	12123616032.834118
880	11999500940.596497
881	12559867853.83747
882	12634121547.3342
883	11982001163.14186
884	11712782893.376894
885	12204521807.88288
886	11584034452.238218
887	11540431851.771887
888	11397597013.010668
889	11620414345.57105
890	11289441285.656202
891	11637064838.680422
892	11080347288.585142
893	10918752004.00693
894	10657300100.066135
895	10840908187.300543
896	10189237494.160028
897	9717312409.175953
898	10035767196.044462
899	9375378112.232159
900	8977991504.553764
901	9017806466.533508
902	8775445394.191372
903	8805429209.447935
904	9331439610.225801
905	8476410821.331668
906	8207612460.8251095
907	8619860286.39018
908	8178808419.221634
909	8643227939.380877
910	7988679007.244386
911	7744335025.439991
912	7171622116.634758
913	6913913938.754123
914	6794304589.010762
915	7054995026.5157
916	6387168016.685242
917	5912504166.55007
918	5831234311.472462
919	5870215483.611349
920	6268729722.635977
921	6223073308.8694105
922	6389449722.831641
923	6015692629.437667
924	6050702044.06855
925	5551705959.018222
926	5485800417.730054
927	6082139285.900003
928	5072735583.553464
929	5524931890.730196
930	5405500032.385881
931	5399943893.109772
932	4991618049.856295
933	5300561689.502153
934	4946434647.141932
935	5066795780.068721
936	4968027272.385301
937	4996120979.765053
938	5080269378.266332
939	5130003698.816892
940	4846969206.423629
941	4872111270.676529
942	4837068518.285461
943	4755464216.567573
944	4721012538.488185
945	4876837299.215651
946	4750468096.461454
947	4634133821.263605
948	4631709161.426738
949	4804893484.529988
950	4592540056.436999
951	4551555091.128967
952	4341875621.934572
953	4704929016.5307
954	4033510523.3980055
955	3873387858.7793593
956	3948739716.658151
957	3554904888.8225236
958	3513829464.6583676
959	3381841432.39066
960	3203241974.268012
961	3610330473.7427883
962	3132090317.9914427
963	2990889010.3903337
964	3260837879.2362466
965	2601633835.4372954
966	2370212383.097336
967	2342166981.186352
968	2293837680.3714952
969	2172373234.307485
970	2252609894.6042223
971	2223913966.6815205
972	2197360757.6156435
973	2166311586.9170723
974	2001969286.5078776
975	1580225237.1014466
976	1523985591.6733773
977	1230092875.523665
978	1351833980.9316833
979	1319408474.487905
980	1047442071.4466271
981	1014433403.6002619
982	1126084627.4717946
983	1112216176.673037
984	1287547564.1297202
985	1002141492.6206542
986	1184284693.3640754
987	932029757.0851823
988	1195231341.299994
989	1147122380.653113
990	883528607.0972242
991	1050471422.6784458
992	1035710909.0332897
993	907726298.6565114
994	874512075.5927165
995	867997113.3761117
996	1028655260.8241352
997	640116682.4628264
998	755129650.4399874
999	693859831.8679894
1000	640116682.4628264
1001	336007413.20435345
1002	643193357.8144156
1003	214124080.65156806
1004	659395314.3912996
1005	104022727.99045071
1006	445109168.2072594
1007	240.4032788884499
1008	16805479.225983076
1009	2971926.6422840115
1010	4522632.068420537
1011	93.20464355749746
1012	81.63982354184023
1013	83.43122412996013
1014	94.54878707557812
1015	96.15667291669087
1016	863725.485533048
1017	97.65281643146545
1018	37019.98966612343
1019	199386.5280374227
1020	98.20982240861926
1021	24824266.104127146
1022	88.53126004408035
1023	87.85449461738993
1024	89.18372793746812
1025	87.26085241464295
1026	94.83622852944814
1027	85.35835662047143
1028	90.29523469509391
1029	87.30245859161346
1030	29605292.216904342
1031	85.26046402008734
1032	91.92078341871184
1033	88.70875052918895
1034	87.40155829755854
1035	91.35767815958422
1036	242483598.34189144
1037	99819171.10940684
1038	438705099.0186557
1039	2237579.6762795337
1040	113762767.29992287
1041	88.60884137141733
1042	86.702860515447
1043	80.96426226693707
1044	68.06467004464831
1045	80.71859083177816
1046	92.31234010444072
1047	70.76977778059477
1048	30543138.40206902
1049	81.39364771179993
1050	67.02958169675344
1051	84.24889351481526
1052	79.447830739364
1053	110875109.16349876
1054	72.83091972359429
1055	65.45492038529424
1056	53.68054343578682
1057	68.35226493695609
1058	56.823307416661564
1059	87.57584902306323
1060	52.66632578541659
1061	34.83660192544663
1062	14.79801076490603
1063	14.087594746204251
1064	8.87457069740629
1065	24.083539951224093
1066	14.421248643102249
1067	39.98487253948555
1068	5.348968362347986
1069	6.727369980557788
1070	4.443488924977293
1071	21.492857177369842
1072	50.271144479069186
1073	4.1534863577744225
1074	18.170557184889667
1075	381888472.1790411
1076	44.292255492217876
1077	23.74490452533726
1078	49.891852508220666
1079	69.98354992468866
1080	21.27654020093491
1081	45.28488906055923
1082	73.53454783412293
1083	21.051180501344763
1084	95.13683556778503
1085	65.138061329783
1086	52495714.67484935
1087	64.57116498740018
1088	14.915311594360393
1089	27.939899797643637
1090	31.189046734189397
1091	74.95973916695365
1092	19.74701424159408
1093	29.647606573942245
1094	23.961841447898642
1095	152203442.25838694
1096	81.19331972652405
1097	8231595.821022035
1098	7.710667742646499
1099	7.539626024600723
1100	38.19890423059051
1101	22.714450813549053
1102	55.68078654608789
1103	16.426396500149934
1104	38.88763014112716
1105	20.743039692080377
1106	18.08299841655107
1107	19.584169480447677
1108	31.084221509448827
1109	50.71160158698035
1110	32.170489569081624
1111	28.79466857390999
1112	40.770451931302055
1113	5.315357530201754
1114	2.431370510712112
1115	50.6377313160845
1116	18.47854812310827
1117	25.1959545598345
1118	17.519443615272735
1119	23.48243277760572
1120	53.92269139782304
1121	81.46771314140558
1122	80.57477582611384
1123	72.37857023764634
1124	64.23383292793804
1125	52.23316808709673
1126	35.830963367849975
1127	40.14497423762731
1128	1639020816.159677
1129	30.551384482563854
1130	59.2544328651046
1131	55.23860049319376
1132	69.92102846777473
1133	25.04432863710201
1134	80.29106663314559
1135	24.09839669121816
1136	9.517273751459573
1137	16.38618828949849
1138	2.694611371469768
1139	5.544149872464551
1140	12.37018025816536
1141	75.85391184362564
1142	13.34660379065933
1143	13.618295696054792
1144	31.12494744342773
1145	67.33881238215787
1146	3.430148983658283
1147	8.80500737673292
1148	22.681781514699416
1149	51.05338702158096
1150	16.530691666993466
1151	46.620546411840955
1152	8.495876897864267
1153	72.34902245404007
1154	12.591847615611226
1155	66.49664685284905
1156	13.447077867711835
1157	50.68887999727142
1158	49.057260610831456
1159	15.731569236387653
1160	892363855.4257511
1161	59.81801165014551
1162	54.785685350139566
1163	71.10358140829436
1164	4.0298400809751564
1165	12.961874662350393
1166	5.233701435306314
1167	25.230358327639365
1168	39.37084679975568
1169	6.495983892094763
1170	5.771137883620823
1171	9.376860192808232
1172	28.94025123738681
1173	16.362475464635722
1174	6.528410732156853
1175	3.591846440562391
1176	13.030136561347133
1177	29.037725793863466
1178	52.90313367994062
1179	22.94068361491905
1180	440763716.1706992
1181	1.9775334950294647
1182	12.010656422660642
1183	9.653489904382004
1184	49.840737964211705
1185	21.892027355374136
1186	12.239733841963531
1187	21.266717648346713
1188	71.27198318277706
1189	23.952098744823175
1190	23.065686129088945
1191	9.561920752716206
1192	38.1494995682439
1193	58.95633135355156
1194	13.393066173245993
1195	80.76282084434676
1196	5.751632954404192
1197	4.307380350194947
1198	11.230849505500682
1199	37.40984997919819
1200	36.825222298396675
1201	10.954639224250597
1202	49.808100910894154
1203	31.94131622844713
1204	5.315031143052815
1205	15.589627217372884
1206	26.307251081158487
1207	23.636579677991996
1208	37.00409686084579
1209	33.86630787865482
1210	38.30179682075523
1211	33.18512858544745
1212	53.86052032783307
1213	25.997660835521724
1214	37.61988357702245
1215	35.397496463817326
1216	63.79934538325317
1217	11.43106694524295
1218	19.319766303662494
1219	12.832904096213149
1220	32.87333317647827
1221	20.311485377664198
1222	28.59335799493364
1223	20.845361663334334
1224	12.010285848592131
1225	8.595096252122563
1226	7.235681264113549
1227	6.569300182410332
1228	23.86638875852625
1229	4.7068522518196465
1230	1.254468232815091
1231	1.5411394680853432
1232	3.109467109496439
1233	5.417006314465098
1234	11.20922630058137
1235	43.840232810280796
1236	22.044673331560556
1237	7.228928044773604
1238	4.2812376898904
1239	15.116944012455711
1240	6.550427950598217
1241	4.296712190132066
1242	33.94063461367377
1243	18.784546653746922
1244	23.489796010720266
1245	2.776039589056283
1246	7.842940899652479
1247	5.3003168637956355
1248	5.83928273233386
1249	33.25395463827729
1250	7.589933711330971
1251	7.798688110439989
1252	13.141381760959426
1253	18.675762915474355
1254	69.21282979049127
1255	33.70400555665375
1256	27.29940445920755
1257	18.88097720222028
1258	22.832830231899923
1259	12.55313290927002
1260	8.970507452693326
1261	9.360882729674458
1262	27.180431100855937
1263	10.00192480218143
1264	23.23607303899402
1265	10.08359844314532
1266	1.5720710498893724
1267	39.083264133453625
1268	10.31702071047591
1269	12.098330382720743
1270	7.5360039690196885
1271	4.383709010249861
1272	9.638584149167148
1273	4.312327975995991
1274	1.0894051035638903
1275	9.479853286209504
1276	10.368490847188381
1277	14.986218090760719
1278	1.7199738228128405
1279	5.977740672325478
1280	3.9294081137547168
1281	5.957916473082196
1282	2.4228514019756
1283	3.5113406434044325
1284	0.29634337345265566
1285	2.6367901996181615
1286	1.612194431899239
1287	2.4915220493473544
1288	1.4998916433328813
1289	8.027301124801422
1290	0.418131478021008
1291	1.050355185356665
1292	1.1736711051226578
1293	0.536650004906671
1294	3.5622654663241993
1295	2.617116895095855
1296	2.7961629889047694
1297	2.882802617532557
1298	1.23311338400672
1299	2.43315958010291
1300	2.085879701107409
1301	1.7304849394158643
1302	2.8258361506771292
1303	2.613590512374268
1304	10.79161688785548
1305	9.451118612574941
1306	5.322472726172594
1307	4.283375828378741
1308	5.7680648010603655
1309	6.174579169571663
1310	4.549990480980516
1311	7.754193181860355
1312	6.416566619990334
1313	3.470853905428318
1314	5.7855374982788454
1315	4.484246540518102
1316	5.890091701189818
1317	5.282670620967904
1318	4.232630937829635
1319	11.118263017492852
1320	7.254140662599506
1321	8.866292343505988
1322	15.105077406147782
1323	16.410730775612997
1324	15.433993410044645
1325	6.505110505548439
1326	3.4481236231033696
1327	12.0150107268671
1328	2.223983404666435
1329	2.1086160109866743
1330	2.2240012199746184
1331	5.201480647177383
1332	5.0747681356384104
1333	2.645500365864393
1334	3.1419895130561835
1335	5.177327032145216
1336	3.6984062115977503
1337	3.7565561967018075
1338	4.19483161602021
1339	7.0418775056257665
1340	4.978247342448473
1341	2.024668374196212
1342	5.529617839490326
1343	5.893926779095803
1344	7.9316480905647895
1345	4.248053462076161
1346	7.24086045229405
1347	10.815971384093842
1348	1.2499067834185238
1349	4.894751742697066
1350	4.657288245100385
1351	1.8884629906836878
1352	2.043133953243739
1353	0.7139379692683102
1354	3.3852333561653265
1355	0.6720256439171894
1356	0.7153401018149284
1357	2.8418528502184164
1358	1.7887008955480526
1359	2.680614866878166
1360	2.495105093403283
1361	10.965300301679532
1362	12.471639916277972
1363	11.304715911149604
1364	3.428615074589182
1365	4.539191031007604
1366	8.198183952769408
1367	4.45897080917625
1368	5.776495866215404
1369	3.912683798056535
1370	3.561706741028156
1371	5.810055609574982
1372	5.531438427584277
1373	6.276979157411837
1374	5.579834545596577
1375	4.182090967756394
1376	4.305089375418971
1377	9.095059606533525
1378	4.265815611354721
1379	3.396613926243327
1380	2.227638349645882
1381	2.856143565534677
1382	8.005620203566476
1383	6.630821812738936
1384	3.057370725962618
1385	3.379678784494196
1386	3.4229897861391945
1387	4.9560275753406815
1388	2.9546124394073585
1389	6.128930961608259
1390	6.490753759802515
1391	4.3135326949646435
1392	3.771022860562894
1393	20.36142410068023
1394	7.564916361028628
1395	10.16724420225036
1396	11.271833859665835
1397	4.0045418738567715
1398	5.347194921139582
1399	10.643117421412303
1400	3.2867634654050555
1401	9.256728337836833
1402	6.684264161564476
1403	3.587861925966648
1404	3.5563811539321257
1405	2.699801952523292
1406	18.96089162137246
1407	3.8448093650472432
1408	3.8800220640412615
1409	4.6532174132687505
1410	1.185189742516491
1411	4.7909219465115225
1412	16.39389201391656
1413	1.7184163269469792
1414	6.1887704099990355
1415	1.2009125815074737
1416	3.3819663451522053
1417	2.6350169888731925
1418	1.0824097733576488
1419	4.8844466090048915
1420	1.2467638588841052
1421	3.202907607214363
1422	1.1724834749332262
1423	4.005070576375369
1424	2.214641601763063
1425	1.8314125415909963
1426	3.3652763002352
1427	1.3447040661070566
1428	3.149603334002605
1429	1.2084401248565535
1430	5.082708056315111
1431	0.5017780084421513
1432	2.6815686222627417
1433	0.33445533964428986
1434	4.773467498555018
1435	1.5742862584455573
1436	1.551495679574126
1437	0.9994571701511201
1438	1.9938287026456336
1439	2.3361985118335866
1440	3.6674100673414642
1441	1.3488935854881636
1442	2.1023904766972557
1443	1.7694977412050383
1444	1.3051588779270769
1445	2.0616585084988
1446	3.7645210193061174
1447	4.680009192764096
1448	1.6860442476119355
1449	3.634911572647191
1450	2.605793109332035
1451	1.9004186953058426
1452	1.8192276758191053
1453	4.217304861680822
1454	2.299322840945376
1455	1.7939049489928722
1456	1.7390987685259478
1457	1.8151536031920972
1458	1.375902459336819
1459	2.0175034267479175
1460	1.780265671100369
1461	2.7618148349621445
1462	1.4315288777856077
1463	1.5389858978608117
1464	1.6388514653768875
1465	2.3828396760831243
1466	1.3698267380393787
1467	1.2390680746358997
1468	0.3054728368680336
1469	1.225864856578814
1470	0.3367046274584122
1471	1.5180341110365747
1472	1.8790271927415734
1473	0.7897998802151349
1474	0.6806768040464198
1475	1.3974319107384208
1476	0.6277898889532757
1477	1.5929595061952369
1478	1.257051323426619
1479	0.9503078439417663
1480	0.9281187824010505
1481	0.4348448215178719
1482	0.9954096378116115
1483	0.8607170324359906
1484	1.282491140831636
1485	0.28019269418351966
1486	0.34254723985682933
1487	2.1880996889063287
1488	0.747591689586066
1489	0.7681045526035242
1490	0.6401651562562637
1491	1.2009430719020753
1492	0.6367929535709663
1493	0.6325197000442533
1494	1.2200373027730866
1495	2.0026037357098128
1496	0.32026334293011516
1497	0.44866957443738487
1498	2.133242918007552
1499	1.892587737283761
1500	0.1445846933998754
1501	0.121780403911104
1502	0.6365415287818017
1503	0.206972865292501
1504	0.6544100018731533
1505	2.191696182501789
1506	1.6841569232814944
1507	1.4473862171899519
1508	0.5341550357918703
1509	2.268042751878525
1510	1.269165128412601
1511	1.2473091950931825
1512	1.4687738710254086
1513	2.3439394356466074
1514	0.4042350141964299
1515	1.3272016402490912
1516	1.2951714696227876
1517	0.40222025371231446
1518	0.22954075892050765
1519	0.1283700580475579
1520	0.09983367872976148
1521	1.0049057919165056
1522	0.19763403210011174
1523	2.366282140390721
1524	1.0748364673594157
1525	1.26266140257897
1526	0.5609979765515174
1527	0.34115688152453927
1528	0.18352752535116518
1529	0.6900359679509332
1530	0.12005073145982041
1531	0.2815721174027945
1532	0.18563774075102987
1533	0.3941386733757476
1534	0.14046702781515383
1535	0.16882636935812528
1536	2.195106125128232
1537	0.12865084913879904
1538	1.1283340673756694
1539	0.1809067651770702
1540	0.7794224439286053
1541	0.2890292903052717
1542	0.39542470427828624
1543	0.5473068193518122
1544	0.3388428419181746
1545	0.42450338921346054
1546	0.44954300914587497
1547	1.8191775100764147
1548	0.4271190030178547
1549	0.5118307067478041
1550	0.49104854295548517
1551	0.15783742437930204
1552	0.07975982110424429
1553	0.4711912327019125
1554	0.7015791992741491
1555	2.4954562287866997
1556	0.608428304695616
1557	2.0940281265232628
1558	1.354311941050189
1559	2.811446300646142
1560	1.9945780671839075
1561	0.7877799070505853
1562	0.6162796153698626
1563	0.15591505204546566
1564	0.13343208961942835
1565	1.1397008625362528
1566	0.5539487307872256
1567	0.5175182602386218
1568	0.1556275084739167
1569	0.047348829241343315
1570	0.16193322035166946
1571	0.03808441546092963
1572	0.2250809145463944
1573	0.2840959310621231
1574	0.30455330603556235
1575	0.05754179521047584
1576	1.0497188378841522
1577	0.25693948253176413
1578	0.1490930820429565
1579	0.20869293564874236
1580	0.21402669896429838
1581	0.04832929931532531
1582	0.022115854777872583
1583	1.4655499521946425
1584	0.3371411345636097
1585	0.1609701583015559
1586	0.08422476613949005
1587	1.385382288098956
1588	0.8658698759949686
1589	2.2094725899431453
1590	1.0390733534350758
1591	1.580394474916282
1592	1.1195976361426712
1593	0.2107383000096472
1594	0.0982346504583641
1595	0.26513254822849847
1596	0.1559179701223092
1597	0.08076734303107819
1598	0.23249288554871433
1599	0.27050897863979795
1600	0.9979058277049948
1601	0.29622852900655144
1602	0.53606750858178
1603	0.07674866547173426
1604	0.4467387514951241
1605	0.2593112064413758
1606	1.3465693778958485
1607	0.8560761097586348
1608	0.4150149841784782
1609	0.1827993137670052
1610	0.13624997930265698
1611	0.3241465936694151
1612	1.2247951228030058
1613	0.10341202162063001
1614	0.11090574330210956
1615	0.3325564300505307
1616	0.4417007823815405
1617	0.47826620952200827
1618	0.6218864105748338
1619	1.6329851879662005
1620	0.7243215824050444
1621	0.4284766604864635
1622	0.06592684029665419
1623	0.17710478850565664
1624	2.247245800894416
1625	0.10587937286274052
1626	0.49716738224198664
1627	0.15419385471858565
1628	1.2480170380322384
1629	1.2347106570629338
1630	0.08497178675948305
1631	0.14977171711084064
1632	0.0499200677123617
1633	0.15826180593345474
1634	0.07220529503282452
1635	0.3703900377288612
1636	0.16412784244255024
1637	0.13692158454368533
1638	1.0587756069828773
1639	0.06768772506380101
1640	0.05167200179770948
1641	0.3350188186724231
1642	1.1833202739615603
1643	0.07248733057800742
1644	0.19281993951476428
1645	0.3162650643798225
1646	1.3335042874895247
1647	1.082363983395652
1648	0.1769975173575195
1649	0.22201362504462469
1650	1.0823124684893968
1651	0.17921316863865566
1652	0.17555733751444982
1653	1.2532838758415124
1654	0.3741300084302873
1655	0.23621121347977087
1656	1.3359917173207445
1657	0.2502399972972963
1658	0.44120349904060313
1659	0.1380919339742718
1660	0.06535991700405959
1661	0.04248531576863524
1662	0.01691507926879277
1663	1.1361890825073586
1664	1.164177022644413
1665	0.028327727431347552
1666	0.031332369395673874
1667	0.03015347552517348
1668	0.0786339134492684
1669	0.12913989727382996
1670	0.09277143120213797
1671	1.1758270050843744
1672	0.1304035527784394
1673	0.07263525213529298
1674	0.12015242859213955
1675	0.2538006036346796
1676	0.21427727036527416
1677	0.18806125103032958
1678	0.18441311590880544
1679	0.2388843742065316
1680	1.2355641433156803
1681	0.06832559881473285
1682	0.13022835525672732
1683	0.08630674360994511
1684	0.12974630006843785
1685	0.14941446509388043
1686	0.2718616947186671
1687	1.082497484558388
1688	0.05478548105617166
1689	0.013461165670133937
1690	0.015490213579026446
1691	0.07167146604100295
1692	0.003975119917830521
1693	0.028532789149369187
1694	0.021418341378276848
1695	0.014677578846885793
1696	1.00576304479357
1697	0.04730609065180317
1698	0.009456001982620471
1699	0.014748872042078393
1700	0.011091040655286023
1701	0.00892401298164916
1702	0.011442348999618315
1703	1.033999566985581
1704	0.005302056208290458
1705	0.03597834740741819
1706	1.059601921200873
1707	0.07996027750876095
1708	1.0983925406753188
1709	0.02183677294589713
1710	0.06725935968352291
1711	0.101068736172892
1712	0.11276931440365365
1713	0.08619893769847851
1714	1.075362849614748
1715	1.1104849437199882
1716	1.116319787628301
1717	0.09255126119188517
1718	0.10158180680847274
1719	0.12804690454057588
1720	1.1232549190235197
1721	0.09235195575836097
1722	0.18926035922992654
1723	1.139714005162769
1724	0.1561857161189094
1725	0.09033859454539
1726	1.101859779124441
1727	0.08104382990119655
1728	0.13843072904176323
1729	0.05339888556911606
1730	1.0641445668220186
1731	1.0415240490647657
1732	0.04294954280730285
1733	0.027126772739102693
1734	0.034379043040222663
1735	0.008613190511098804
1736	0.010159152743317735
1737	0.0254388848762079
1738	0.0704630952633809
1739	0.03501752699264589
1740	1.040163476745012
1741	0.017012917735880487
1742	0.042187168171497993
1743	0.028498141296629396
1744	0.024168285355747186
1745	1.0499537574996838
1746	0.016059155409233593
1747	0.024302456062408065
1748	1.0356225918162132
1749	1.0321703778970206
1750	2.034653747486656
1751	0.0429287656763799
1752	0.04728593555551789
1753	0.039080566106849915
1754	0.02769673917539895
1755	0.04525929159205323
1756	1.0479835004763427
1757	0.0564429710253774
1758	0.06840732517021925
1759	1.0306305862917868
1760	0.07385606925636931
1761	0.06810314362057433
1762	1.0527152519185843
1763	0.035689767593779384
1764	0.10734692688336904
1765	1.0210149163014925
1766	0.02287682492199241
1767	0.054818156171433596
1768	1.02275371167772
1769	1.0303246338791436
1770	0.05256258609089294
1771	0.047518784203698074
1772	0.08024125459984857
1773	0.0739455565391057
1774	0.07627629816532247
1775	0.036352001250793464
1776	0.05539658961446876
1777	1.053934636611355
1778	0.09630898063835217
1779	1.0594655908446264
1780	0.0698780154096595
1781	0.09615427178018737
1782	0.09002828228286464
1783	2.1331004977007053
1784	0.0965420186462099
1785	0.11092219516187464
1786	0.07901831887957107
1787	0.08827353941960421
1788	0.07313693211594886
1789	0.05908275840500676
1790	2.0526004763322288
1791	0.0508500743906565
1792	0.08705584844809348
1793	0.04494914039361364
1794	0.045512709892559226
1795	0.04967299751155612
1796	0.043667514384022194
1797	0.03201505903673386
1798	0.05537246693123749
1799	0.10346987027325
1800	1.0355756612559066
1801	0.055009494850090976
1802	0.08216235225178767
1803	0.08179432702965914
1804	0.08628440886478708
1805	0.11045600534369751
1806	0.0732181275349386
1807	0.03761557350155148
1808	0.05818807793762473
1809	0.05851738907465181
1810	0.09587741494575026
1811	0.0383276218341365
1812	1.0069755920342125
1813	1.0245320133221036
1814	0.0523917415306229
1815	1.0794945661416713
1816	0.09844240495055893
1817	0.05107874475498026
1818	1.0451332822296102
1819	0.04989304868568374
1820	0.032550889993261695
1821	0.11884994805636075
1822	0.03961979050068707
1823	1.0420566337556891
1824	1.0440054304793682
1825	0.02599478476820282
1826	0.013999787344083924
1827	0.007031085161802297
1828	0.013670024464128398
1829	0.03226560982158952
1830	0.015625207135235603
1831	0.04759696917171682
1832	0.009336996040202699
1833	0.003556193982445235
1834	0.05058735581980999
1835	1.0016113077149964
1836	1.0230539459849537
1837	1.0191542232492519
1838	0.006513849488555458
1839	0.010921933081393824
1840	1.0041236717465472
1841	0.01790027833784672
1842	0.012936097402982152
1843	0.04213022808268915
1844	1.0023877656648075
1845	0.04560032182732337
1846	0.011122959295493999
1847	0.02088111165713077
1848	0.015233858255127002
1849	1.030283096612352
1850	0.03250700711902187
1851	1.0102282201958106
1852	1.0175352878610135
1853	1.0056232955003286
1854	0.019566798908109397
1855	1.018618438468739
1856	1.0124210872680786
1857	0.02919744116837487
1858	1.0219252860693517
1859	0.01830401595560046
1860	0.020485941473458738
1861	0.02003591033152724
1862	0.027446046719948512
1863	0.02408104649446505
1864	0.020437576877863448
1865	0.022520048790360073
1866	1.021239080219528
1867	0.016364752007958016
1868	1.0119134758846022
1869	0.015303671500164701
1870	1.0174578257740066
1871	0.018843303197606014
1872	1.017820176069688
1873	1.0222538433386694
1874	1.0173200345920368
1875	0.014310482223425977
1876	0.016200199407455568
1877	1.015845994903056
1878	1.019989543609
1879	1.0160470712083194
1880	0.0183153214869594
1881	0.015472553213170056
1882	0.015701928825543675
1883	0.012992091877358225
1884	0.017697986643478658
1885	1.0142686571014812
1886	2.015999686765518
1887	0.018070098685724338
1888	1.0133758984166787
1889	0.019642439589957723
1890	1.019535212519918
1891	0.00994021706991917
1892	0.012015143831669213
1893	0.008418195062265864
1894	0.014579365824073471
1895	0.011423718669339885
1896	0.0049485671593692115
1897	0.00336335712586917
1898	1.0045513860472362
1899	0.0033447997782649697
1900	0.0024052895610110502
1901	1.0014524908907732
1902	0.0035108946156331817
1903	0.004674719748592549
1904	1.0039388904191926
1905	1.0019447278453115
1906	0.0036374361807110407
1907	1.0048966999784903
1908	0.0035103854544931753
1909	0.00385750158387611
1910	0.006809759808303639
1911	0.004403448702928194
1912	1.0111523864124343
1913	0.005171542513187848
1914	0.0048031391524575254
1915	1.0023486346713903
1916	0.0026467670011960922
1917	0.006995906505943137
1918	1.0094297228030078
1919	0.009306460668303342
1920	1.008737448829464
1921	0.004545942969872141
1922	1.0072050212874228
1923	2.0044346567249898
1924	0.004490458451952139
1925	0.004784897204263642
1926	0.004452951379424749
1927	0.006727510952474562
1928	0.015574278332694114
1929	0.0062488845411766926
1930	0.007207600946105732
1931	0.007812375045819994
1932	0.012452014848264088
1933	1.0104648417544688
1934	1.0072297578404381
1935	0.007228009131428406
1936	0.007385210816486543
1937	0.00885829448750793
1938	0.015929668718708954
1939	0.007293020664879178
1940	0.009084017916106383
1941	0.010780376952789723
1942	0.004425171249389327
1943	0.004652070803349283
1944	0.006340465419379493
1945	0.0031368490064470973
1946	0.0025767509318994092
1947	0.0027322717482751347
1948	0.0009882430922818627
1949	0.00456678539467772
1950	0.00561821273618733
1951	0.005072251160231049
1952	0.006414884953986586
1953	0.012500226633686622
1954	2.0059831457842847
1955	0.008979102570002015
1956	1.0102599930398153
1957	1.006912857695603
1958	0.007418745234401834
1959	0.003155316727535196
1960	0.0032458333687764877
1961	0.006475437692193865
1962	0.0033627051599029443
1963	0.007536826584587409
1964	1.0087701259753896
1965	0.0026646144153953015
1966	0.007782070381642843
1967	0.006562499313378862
1968	0.006462874007771189
1969	1.0069371719532274
1970	0.00871525746100011
1971	1.0096530310245908
1972	1.0162459962565356
1973	1.008478618914739
1974	1.0088784844331282
1975	0.00816903086311367
1976	0.009957285845630217
1977	0.011361040403171877
1978	0.019855082244255768
1979	0.0197476555001901
1980	0.013513521972451231
1981	0.010171866382114711
1982	0.013344809581922058
1983	0.01760627062111234
1984	0.02329592900132736
1985	0.0177524831823574
1986	0.02869442480351121
1987	1.0231844620431232
1988	0.018816910972891045
1989	0.016084507237912667
1990	0.010450263304971234
1991	0.006412333451068444
1992	0.0021175159065099044
1993	0.0026143061500045186
1994	0.0024371313710980554
1995	0.0024627588466111126
1996	0.0033607775053993015
1997	0.0007155876639425211
1998	0.004353952375713602
1999	0.0032832442022781303
2000	0.0007155876639425211
2001	0.08809437265010579
2002	0.4982663775885277
2003	1.3235277542474067
2004	6.276035588264987
2005	7.852917305160852
2006	11.20316246900801
2007	6.694765475017278
2008	7.158890072732567
2009	3.969112965201566
2010	2.7169826021088044
2011	1.6409817142956489
2012	2.1995961883041084
2013	5.751978681836895
2014	16.77848030920689
2015	13.42756396164894
2016	13.294929466307522
2017	11.486702593088841
2018	51.047462084681854
2019	46.750962200729354
2020	72.77735091614407
2021	48.9213672110013
2022	49.586253578523156
2023	7.499803907890448
2024	8.136857618592225
2025	37.42326312869021
2026	18.81702293809194
2027	84907533.71765323
2028	22.679871413348316
2029	98.7766400521798
2030	16.029965257213355
2031	79.84539579933133
2032	20.430237345750186
2033	94033432.59503193
2034	15.737780000280504
2035	31.062733186162973
2036	54.47438783843138
2037	65444503.61990693
2038	46.992669417146914
2039	82.70165406623642
2040	19.239541113062874
2041	18.815344708561845
2042	26.406915800320643
2043	9.65121498913324
2044	71.828265238775
2045	498419646.4249442
2046	40.76837487197588
2047	7.994131649384281
2048	21.831872869278925
2049	4.422710077725874
2050	41.197146140938976
2051	278182717.6573956
2052	26.38237526051125
2053	48.56928218066208
2054	33767925840.09984
2055	68.46395904594132
2056	893305523.8264344
2057	92.03054953749475
2058	950730.05026402
2059	81.26961073318913
2060	52199005464.67113
2061	1620734007.101767
2062	1877015277.9637065
2063	705254579.0172364
2064	619125329.4403428
2065	49.59472332329368
2066	5557921784.926872
2067	82.85174082818139
2068	748879850.0067675
2069	712058183.7859527
2070	4337203281.262894
2071	1134797890.0997963
2072	79.90517555190502
2073	97.85105690230913
2074	700683685.4990952
2075	2543016836.5591464
2076	35.61177093805788
2077	15.247723819642626
2078	3.33709873111671
2079	20.914553773543943
2080	41.8488255260172
2081	50.23984466126153
2082	14368027.429850107
2083	91.04566668133596
2084	4019624692.666239
2085	99.52579653110398
2086	97.83449581545341
2087	76.909204582219
2088	25742318052.20395
2089	46245944.315708786
2090	86.32602344729897
2091	2889890853.066358
2092	2018662490.550722
2093	71.64013896706528
2094	62.65349747284066
2095	15064059367.906721
2096	5534119615.579169
2097	70840628.27910312
2098	146997411.30531812
2099	78.59752864631471
2100	58.34828599610141
2101	82.91767191058604
2102	77.07739269336406
2103	39.819134000606574
2104	82.45412276491827
2105	20.715550169853984
2106	46.07584682162566
2107	37.39581835117986
2108	27.863059629857784
2109	33.15090528600822
2110	63.95454231231981
2111	45.001260354153196
2112	52.39312698614476
2113	37.011455091105354
2114	34.3382400946286
2115	77.11802177288997
2116	13.326948852108481
2117	5.292916639512153
2118	13.260564135913285
2119	5.080324416883671
2120	12.19212983099335
2121	18.01907356478531
2122	46.13029028540242
2123	22.974944175864934
2124	63.66418243710134
2125	76.56960963170536
2126	77.75023021081374
2127	18.149292808766717
2128	33.46540735478776
2129	22.81075754027384
2130	21.555594442902027
2131	9.920165745661539
2132	32.0934312723514
2133	15.306223141103034
2134	14.5966210144535
2135	29.086017109372523
2136	3.1368388545748855
2137	35.84592456345515
2138	21.95887426432779
2139	7.983444087491197
2140	3.6882190469117444
2141	11.709652644906583
2142	6.9366282693799235
2143	11.826465359092314
2144	39.922058273163856
2145	16.98404620740935
2146	19.35474743755196
2147	10.269214135381102
2148	29.497011558708223
2149	41.18418238924523
2150	89.37912229148017
2151	9.843132951749512
2152	3.2817096007338735
2153	29.919196219994333
2154	37.237230518306106
2155	25.48421826473816
2156	24.65628835336685
2157	11.68158928676147
2158	9.31429755115112
2159	12.819444112002968
2160	9.550365410063694
2161	5.389657571474416
2162	6.3208635207648864
2163	24.673193870135073
2164	7.364846562716367
2165	29.657849713590352
2166	5.736919421282907
2167	22.57320382347502
2168	27.68039411988625
2169	50.529281535053656
2170	58.30840021568006
2171	40.329416525024826
2172	9.949360708948431
2173	8.852981921997667
2174	26.002038565916767
2175	8.041225962193927
2176	11.631740024574762
2177	59.2931976912914
2178	39.18843746663816
2179	65.84322285312109
2180	146901003.64998245
2181	378186451.28501874
2182	56.32729908152872
2183	18.86856106687525
2184	22.487859353527767
2185	14.803083362426374
2186	14.909696853249166
2187	21.77634209240769
2188	12.721164872309538
2189	15.908100641481587
2190	38.73632590646548
2191	21.152454138141003
2192	11.113369395916866
2193	50.14038649052047
2194	12.148540444092323
2195	8.274950569202046
2196	1.67917627676432
2197	5.527360729127338
2198	26.81475196871663
2199	11.518794378402458
2200	2.5201605812017513
2201	47.11046201457408
2202	58.558646206738324
2203	25.05010315853613
2204	20.65931397917636
2205	7.510968854374374
2206	52.56282628863636
2207	29.524109206505543
2208	36.99892854481238
2209	27.54442519761574
2210	54.52785217723459
2211	15.56866531976402
2212	25.2748731511009
2213	16.501795610416032
2214	22.00866029526716
2215	48.89180209125551
2216	42.540345230724995
2217	23.21379037700898
2218	24.047483791328236
2219	32.11653963926937
2220	66.76967278260996
2221	22.761214802556363
2222	43.38230993160197
2223	24.698853998820898
2224	20.83214069349667
2225	50.82702655660486
2226	34.56644018015402
2227	25.9013361861521
2228	39.47277833845602
2229	38.262629809028894
2230	23.209671569845913
2231	23.25538106219868
2232	46.87621657821443
2233	24.139895594667024
2234	26.626020333485986
2235	14.619371822282973
2236	25.492131192017425
2237	19.679410662595817
2238	25.751538005103114
2239	27.09498747663276
2240	24.18260983652167
2241	20.13882253659832
2242	26.236220040895354
2243	18.24195147192475
2244	29.035992511308464
2245	25.537558883098335
2246	19.985249218284938
2247	23.758236036046426
2248	20.2452974892035
2249	25.675919719046018
2250	18.000722277778912
2251	16.736197660843995
2252	12.031759247561688
2253	19.435414221448834
2254	10.403065407198806
2255	12.457126258338516
2256	14.830317577184523
2257	18.60799917830659
2258	29.583228351265895
2259	17.057499435105864
2260	14.930635813058112
2261	13.769717106787265
2262	16.88417556937974
2263	15.343120387838102
2264	17.044149921855517
2265	22.155549566286947
2266	12.757848231255677
2267	9.107056894690837
2268	12.281232913735357
2269	9.587388712823891
2270	11.531725177530562
2271	11.80677935216535
2272	15.579882319274798
2273	6.037927497954429
2274	7.055931291319916
2275	3.875063711803029
2276	8.444214620292822
2277	2.9386897814021435
2278	1.752976990737332
2279	3.8942979995507594
2280	4.354750636443089
2281	6.005491261578769
2282	17.245391701683555
2283	16.782659481462918
2284	8.695469202784196
2285	4.486422322386227
2286	7.13597730127177
2287	3.4945415936514475
2288	5.337215716474661
2289	5.522405676621946
2290	5.303879752801801
2291	8.242231074289764
2292	5.976773822205889
2293	8.679735054711402
2294	7.047299744031693
2295	17.734170004248746
2296	12.46851987185053
2297	10.117724355373896
2298	10.572187010019876
2299	10.27027855406653
2300	6.671932840226376
2301	7.040297824685727
2302	8.365205902663469
2303	5.902471369511881
2304	9.763087181404863
2305	12.180323505883402
2306	9.921684494271586
2307	18.267189598832125
2308	11.524677670351782
2309	29.280741028427688
2310	3.643146601259767
2311	2.665957044504894
2312	14.370355619960252
2313	5.544354286302141
2314	14.27086829906221
2315	5.294451918948246
2316	4.224968815822163
2317	3.8165102752960163
2318	2.5702286857709797
2319	3.6802494004911224
2320	4.362917294596243
2321	3.9774442865629385
2322	10.652101787205991
2323	2.890780471022393
2324	6.899584517448463
2325	3.648228655502419
2326	3.0493510010067686
2327	3.7158250186434554
2328	5.364049387669005
2329	1.01882912353061
2330	1.3195305440035234
2331	7.718067667657782
2332	1.9000308499306386
2333	6.663664676580975
2334	5.17993038268948
2335	10.811306739704087
2336	17.790245097828677
2337	11.874340689542294
2338	1.484476574843788
2339	2.129569311581011
2340	1.053281174039233
2341	0.25537096732889863
2342	2.3086751140634965
2343	1.462163764431699
2344	5.40509151382638
2345	2.098532487485844
2346	2.862649310374164
2347	1.7252797416098553
2348	8.41708700391008
2349	6.25759444719903
2350	2.9294570116874548
2351	8.11470303253572
2352	0.8229731377790513
2353	1.5677698640315705
2354	2.275439066714698
2355	1.212296766390627
2356	0.722573092903211
2357	2.2082550265692635
2358	0.3696533769862156
2359	1.5069288383680828
2360	2.1153600312281124
2361	3.6357039186897975
2362	5.106282297012856
2363	7.765717115032899
2364	8.490101837921967
2365	12.728379735314983
2366	2.8044058341498106
2367	2.810922802156968
2368	3.5951213246683293
2369	6.36481548461322
2370	9.856282396015335
2371	5.599884662146603
2372	3.7794634619951433
2373	3.2903872211890826
2374	7.257867386414588
2375	3.7147143930708983
2376	4.0656517798666965
2377	5.9326672018297915
2378	11.218598334840316
2379	4.344618629724496
2380	6.896244794921829
2381	4.94538462686924
2382	3.0573210097560475
2383	3.9202610491219327
2384	7.125904019410597
2385	5.012219124684615
2386	5.581805472455072
2387	3.0602958321983516
2388	3.4713595689965673
2389	15.578431193957114
2390	9.510924414705935
2391	7.9920818576176735
2392	3.4130058671812695
2393	2.089958991995548
2394	8.087904046910737
2395	0.39864452556298724
2396	1.4743124184554297
2397	1.9846984823673097
2398	3.4287411328799013
2399	2.917434579430147
2400	7.203600180386931
2401	2.1723688220311073
2402	4.567373601925196
2403	2.6797666863725738
2404	6.581040541767886
2405	1.7002008313541834
2406	3.5303096111590406
2407	3.6627081721873145
2408	1.7768195474522483
2409	6.639520179815438
2410	2.8148241357490473
2411	2.3479674216067092
2412	1.9519569076135985
2413	2.2767940376665634
2414	3.2831028676180143
2415	1.6490131937386825
2416	2.6063762512407265
2417	2.4619347176772206
2418	1.599222099524293
2419	7.335702803436562
2420	2.817721897752156
2421	1.450116379885153
2422	2.842351368272637
2423	1.9209203272401065
2424	3.2063162907574023
2425	1.0107439647631482
2426	1.497296793004928
2427	2.692933935374415
2428	2.337360713946795
2429	7.143972012834363
2430	2.6665184623675873
2431	2.299763800849451
2432	4.899554930095352
2433	1.8595617433440714
2434	2.0667880747645455
2435	1.7194405395949128
2436	2.2579535301082094
2437	4.579006469276269
2438	1.1983146968842462
2439	4.379058702269359
2440	1.5347666128290904
2441	2.824854898908333
2442	1.7492288777676117
2443	2.3277375587994253
2444	5.4768708492811635
2445	1.845586828897923
2446	1.6440682223735863
2447	0.44656536133571256
2448	2.7076931975911536
2449	0.12292290885043813
2450	0.31049320484738624
2451	0.8110123349484458
2452	0.22364580926678906
2453	0.4785008865504064
2454	0.6348964268301349
2455	0.37453523290704344
2456	0.7529295702541364
2457	2.177338629768399
2458	0.7393155805441303
2459	0.13880139632010913
2460	1.0898636872905205
2461	0.895482174204504
2462	1.186366007011849
2463	0.22524340846268626
2464	1.9465033578588848
2465	1.1243599419297452
2466	1.9444148178935152
2467	0.8210699824912747
2468	0.08675751559640535
2469	1.3685531495076484
2470	0.04889436069336685
2471	0.0425442163981463
2472	1.4286824079021363
2473	0.09993695572515646
2474	1.3536756247022883
2475	0.07707763812097128
2476	0.1856507922690142
2477	0.5454913334752003
2478	1.2911219230978705
2479	2.3932081797303235
2480	3.483652635236509
2481	1.4723416517568908
2482	0.14079557710779786
2483	0.1672512075310082
2484	2.3530481610818064
2485	1.5060721388016631
2486	1.1836409643637649
2487	1.7264242516769137
2488	0.5116874074730766
2489	0.5488492539995264
2490	0.1297123323591411
2491	0.0915625326580343
2492	1.9174335669645783
2493	1.2143832819034608
2494	0.21257306110929117
2495	0.18897366588595077
2496	0.2744818466510045
2497	0.20425752249720203
2498	1.0648178855792327
2499	0.26797958956893514
2500	0.1696998215666083
2501	0.44259372888312876
2502	0.6831909547215612
2503	0.945389383245103
2504	0.9455096609946833
2505	1.4267676326258372
2506	4.267445165054442
2507	2.396480721717311
2508	3.2653116270738245
2509	2.0775327444755365
2510	2.5922431345434758
2511	2.274756418110716
2512	1.9283106079484855
2513	2.8974651708167274
2514	1.8099150386170373
2515	2.016035330328867
2516	2.053410678925804
2517	0.7427074616246443
2518	0.8701411436629801
2519	1.193709580607509
2520	0.5982684322153418
2521	0.4797253124497368
2522	1.5337841347949168
2523	1.7537049835345422
2524	1.0659409367114112
2525	0.7940847301405018
2526	0.4297258817270678
2527	0.41038526671186554
2528	1.8026689148921184
2529	0.7565248684271658
2530	0.24844136109053708
2531	2.51013502206339
2532	1.7068767984098678
2533	0.16368515399661096
2534	0.14785116872027765
2535	0.23581516596764457
2536	0.14825697282708677
2537	1.1398436686698132
2538	0.1190892430257157
2539	1.1386498490696288
2540	1.0725100039370126
2541	0.17180789117806627
2542	0.19480557245184732
2543	0.06956827319465211
2544	0.053596223346112706
2545	0.06277349932727232
2546	0.010493119346093132
2547	0.08328213812212756
2548	0.22216972521979877
2549	1.2130937735278282
2550	0.08056725145723297
2551	0.1270778174276409
2552	0.29211093053985354
2553	2.058464171053682
2554	1.1622769502272692
2555	0.17655390570653037
2556	1.1406050471800386
2557	0.17534763748572685
2558	0.15378673658417297
2559	1.123298068734327
2560	0.17638871927842062
2561	0.29423759068544547
2562	1.3212127908811915
2563	1.165892266934659
2564	0.2586957367664192
2565	0.25952331629126196
2566	0.20592358475938938
2567	0.4685493042542399
2568	0.2716928666539211
2569	0.7716365378664958
2570	0.6451869007097953
2571	0.4460416029292281
2572	0.5742216879573384
2573	0.41741367514407296
2574	0.19109723691440872
2575	0.06160402903431878
2576	0.26240275747999436
2577	0.6280221171240123
2578	1.4326438009100178
2579	0.09675737059707112
2580	0.41185971986786807
2581	1.298335420541879
2582	1.353823966715123
2583	0.22530445255693357
2584	0.4895542730627085
2585	1.5769108118787047
2586	0.2965663932491512
2587	1.0969330116992908
2588	1.187807473955856
2589	0.172428028934215
2590	0.33600091718753944
2591	0.058782390717996916
2592	0.10572466347931483
2593	0.02138652245464289
2594	0.03528732757449055
2595	0.02763867212021138
2596	2.082979486488039
2597	0.09401193140681116
2598	0.024461843526529258
2599	0.11735416305680232
2600	0.034488412991030545
2601	0.07640873075922966
2602	0.289169588227138
2603	0.028438185777805092
2604	0.24130439378094926
2605	1.2695303822977215
2606	0.017493165931351497
2607	1.0843234226812473
2608	0.05242346717761524
2609	0.08719619408146903
2610	0.09863585585089672
2611	0.27745109979745025
2612	0.08468315671130486
2613	0.4907802479932674
2614	1.116989475615525
2615	0.14602454843973917
2616	0.13641565222096036
2617	0.6290657320270021
2618	0.15208140783806842
2619	1.318886624746491
2620	1.0386373123700923
2621	1.0949868449943572
2622	0.13307087632941814
2623	0.29742023300861375
2624	0.08562104563664054
2625	0.12952371846137023
2626	0.06919389535714315
2627	0.10670138626357437
2628	0.06593179004986051
2629	0.12389284772846663
2630	0.2742584021189039
2631	0.10050312199535633
2632	0.045667121287016554
2633	0.16643901810242306
2634	0.033060922580656835
2635	0.07506364665010765
2636	0.03418011423505368
2637	1.0744048930892447
2638	0.2010410979418621
2639	2.030671990869161
2640	0.04355587815398672
2641	0.01892772752261209
2642	0.006819000463011358
2643	0.14500567640024603
2644	1.0196833412779966
2645	0.053257327430295466
2646	0.17929753473854315
2647	0.12835084777483521
2648	0.09037802583212774
2649	0.20847492404955478
2650	0.17698422818222126
2651	0.4152082478318799
2652	0.28112873044877856
2653	0.31034962874840244
2654	0.38308550447695006
2655	1.3402297937142245
2656	0.5053664499167116
2657	0.4428809794336751
2658	0.6263929739209155
2659	0.47012632152319433
2660	1.5721147352287081
2661	0.3254038998398995
2662	0.8484870236647148
2663	1.7482981907543715
2664	0.22068739833110418
2665	1.2955990358047595
2666	1.2039027430305036
2667	1.1450315898509456
2668	2.159733849006754
2669	0.4444977511155387
2670	0.1932660544499309
2671	0.3031416745800272
2672	1.1510217863286578
2673	0.37055900090226795
2674	1.436966170404883
2675	0.3538709004440026
2676	1.3263630813474858
2677	1.2662111376472998
2678	0.3440125610855455
2679	0.486436794475109
2680	1.2069563595875186
2681	0.31874762799980866
2682	0.35933447117499995
2683	1.320143349892427
2684	1.356631152395444
2685	1.2855640428670343
2686	0.30132175817707246
2687	0.3257080720374499
2688	0.3068755760650793
2689	1.3467947616475542
2690	0.3248566075040318
2691	0.29275599576893124
2692	0.22718105665552166
2693	0.19016028526814854
2694	1.169778232987594
2695	1.17207002536008
2696	1.2259754515329764
2697	0.16482712104086988
2698	0.13494415981961072
2699	0.1792479301973664
2700	0.15526709719287207
2701	0.16118879811343778
2702	0.15820849120170027
2703	0.13768469654680732
2704	0.1781974632596649
2705	0.17145840889718242
2706	0.13173578333898286
2707	1.1747467206296307
2708	1.107143384116132
2709	0.17192345764102399
2710	0.26109014160241206
2711	0.20008069981445253
2712	0.2404034268629446
2713	0.17871587096293698
2714	2.151564806652487
2715	1.1725357859979115
2716	0.22966029156860335
2717	0.19864101340475165
2718	0.23901258697074346
2719	0.3113729998539547
2720	0.26228706818068714
2721	0.2636556565691571
2722	0.2768447449715558
2723	1.393215566252521
2724	0.2570625178611777
2725	0.24843000220920514
2726	0.23383623021169883
2727	0.1935514607325901
2728	0.14546017560088778
2729	0.18521504025956634
2730	1.1637770555335532
2731	0.12510335052854663
2732	1.1242732160340863
2733	0.1296104869775414
2734	1.1891349316391735
2735	1.1127315402064784
2736	0.1492184884348325
2737	0.13310231448174042
2738	0.17009570294251594
2739	0.15595304820192
2740	1.1246973524559187
2741	1.1667545244878803
2742	0.15763474848713946
2743	1.223015844283848
2744	1.1563519761332541
2745	0.1917477612384218
2746	1.1271409362516147
2747	0.15193004513288538
2748	0.14691349573777832
2749	0.16974606213227228
2750	0.15351108889675474
2751	0.22448083757369788
2752	0.1311483169829723
2753	1.1050178635281018
2754	0.11549167845453742
2755	0.12392558406460405
2756	0.19024089461521776
2757	0.1686436825154558
2758	0.07910202318088887
2759	1.140883447446953
2760	0.0905237837000852
2761	0.0980079151451058
2762	0.12262779433233512
2763	1.1007101179061427
2764	0.0737716836294563
2765	0.09178527064571053
2766	0.07721314953410473
2767	0.07117951984040098
2768	2.0745986552915383
2769	1.070666304435263
2770	0.06942457952494288
2771	0.06222497004568267
2772	0.06919314833649695
2773	0.13187810903477926
2774	0.07855275179308904
2775	0.14069330973928745
2776	0.10799482905923781
2777	0.08409061881015562
2778	0.04666612748780945
2779	0.12899763896289765
2780	0.08440879041580528
2781	0.06912207168119211
2782	0.044881217117704784
2783	0.09927549420445683
2784	0.1453849218925067
2785	1.0771573529733707
2786	0.05748590208070621
2787	0.0702484365078267
2788	0.07521771401138898
2789	0.13438396544783043
2790	1.1224959054060886
2791	0.06655795316790679
2792	0.12020242480210526
2793	0.04773415494227663
2794	1.0612211867795487
2795	1.0313019317822452
2796	1.0530459230282367
2797	1.1320685877599272
2798	0.04973950358967773
2799	1.0903439043647192
2800	0.026677615780983398
2801	0.028714787223288483
2802	0.06816254531428656
2803	0.021102128539827642
2804	1.0663319722803197
2805	0.03487943310335752
2806	1.0616862024816962
2807	0.01263450638457599
2808	1.0042001940245893
2809	0.01767162178158916
2810	0.044024779220580595
2811	0.07558348629694564
2812	0.03073911618524513
2813	0.03831329052977629
2814	0.05303051481895279
2815	1.0594764321895174
2816	1.0770126991227438
2817	0.06649553583391356
2818	2.0774747060101784
2819	0.039058415132558116
2820	1.0372483213289996
2821	0.05007049463059586
2822	0.08500803934081712
2823	0.05341589865720318
2824	0.05052466508473069
2825	2.0664607175401914
2826	0.03657356769562999
2827	0.03180241840871075
2828	0.05764944419961866
2829	1.0177485736897678
2830	0.039226593859591735
2831	0.06553593151770358
2832	1.067364042448523
2833	0.09619227546634541
2834	0.07870526548163281
2835	1.0612782402790493
2836	0.06095498654391981
2837	1.0866966375523481
2838	1.058399882086941
2839	0.05583029259828658
2840	0.06295845166624107
2841	1.083496833344718
2842	0.0520846672984861
2843	0.03813135735820589
2844	1.0705725547227951
2845	1.0179255797285767
2846	0.03276185368559141
2847	0.04210026689017626
2848	1.037234351950811
2849	0.04938655402553104
2850	0.05109920074297065
2851	1.0539078520126468
2852	0.043452787741236766
2853	0.04931822436897605
2854	0.049621817839409305
2855	0.03581560963521338
2856	2.043112607857968
2857	0.04429494497139011
2858	0.05461412208812239
2859	0.0413347971844861
2860	1.0516192958073216
2861	0.03931586678301734
2862	0.05316000721462566
2863	1.041944703730224
2864	0.027034596493608426
2865	1.036024014187991
2866	0.02745149907793493
2867	0.0332570704549358
2868	0.03850989495191712
2869	1.0355589197205433
2870	0.01984493257644429
2871	1.023144309198214
2872	0.02548143962234546
2873	0.02376181530077765
2874	0.028014896209267122
2875	0.03569326801445585
2876	0.03519879838763737
2877	0.013296999854216871
2878	0.020103855997797973
2879	0.01213262941898796
2880	0.019540828749557933
2881	1.0047174861617407
2882	0.017988626537754137
2883	1.0182643666565412
2884	0.011488754652925792
2885	0.02226518455597096
2886	0.0102922358481889
2887	0.008923682858685326
2888	0.013767192193902402
2889	1.0113645563446356
2890	0.005502865509739634
2891	0.0029379201893727147
2892	1.0108523150525066
2893	1.0025937930205602
2894	0.003086258202834437
2895	0.002175907699651254
2896	0.0036447700909897924
2897	0.004377374251809786
2898	0.004070496376456399
2899	0.00477714521544454
2900	0.005003485699119341
2901	0.00736556500644745
2902	0.00677390140327463
2903	0.0035883468066800783
2904	0.003268053935876464
2905	0.001783482193128535
2906	0.004115624769842783
2907	0.002886023740170717
2908	0.0061219077151664116
2909	0.008814908571285708
2910	0.016398891503690977
2911	0.007482807323125835
2912	0.010553717496567125
2913	0.00850416908042802
2914	0.004057632524004414
2915	0.00736105085141976
2916	0.006015224364195613
2917	0.002710553851299388
2918	1.0016818548931947
2919	1.0015995709915988
2920	0.006368306713851527
2921	0.003823815475862917
2922	0.0077237196799237575
2923	0.004169770434452275
2924	0.004133513434176249
2925	1.0009186005583264
2926	0.003184261090692986
2927	0.007952706269272301
2928	1.0125868396867184
2929	0.009093332767993248
2930	1.0047122844041627
2931	0.019143921313705892
2932	0.010261430708451258
2933	0.01187963648962314
2934	1.011670834555884
2935	0.007994774728382236
2936	0.009805669227308075
2937	0.012166516760242718
2938	0.018896919262750462
2939	1.0087120248362715
2940	0.008696322325003903
2941	0.012401362046431868
2942	1.0156933105711168
2943	0.012152886037242901
2944	0.017416877120174992
2945	0.014253174707634982
2946	0.005202134847437191
2947	0.002586296026164831
2948	0.0037217175187307158
2949	0.004869102373048931
2950	0.0008881372098916787
2951	0.0018520967996994249
2952	1.0048632044864256
2953	0.0002891581763830487
2954	1.001496513906906
2955	0.0034338728303199813
2956	0.0027857520605529392
2957	0.0018872069855239253
2958	0.002746687642169454
2959	0.013907516114156727
2960	0.003988317000598402
2961	0.01646703289438977
2962	0.012961063695714113
2963	1.0021321842208657
2964	1.0081901225997734
2965	0.007646774511835196
2966	0.009976673125848394
2967	0.011142260607032467
2968	0.014788041648799016
2969	0.017154678664687294
2970	0.0062572995347060624
2971	0.011083957147442532
2972	2.0008299291133653
2973	0.0017065014908747398
2974	0.0029569234288163377
2975	0.0012485981486796275
2976	1.0016564573135835
2977	1.00621171672892
2978	0.0012356063868831217
2979	0.007428579960375338
2980	1.015619794119329
2981	0.005553559921253087
2982	1.0050179359865465
2983	1.0055605716719807
2984	0.005822779050719713
2985	0.006879189299100412
2986	0.00907176846878608
2987	0.001466579298206165
2988	0.0037764749967414066
2989	1.001251597760603
2990	1.0005306062986243
2991	0.003155432910923175
2992	1.0029671146923498
2993	1.0077552671167103
2994	0.00860214662915235
2995	0.007527082311727509
2996	0.00786306084673612
2997	0.007777894312097574
2998	1.0043729584911831
2999	0.009724135553098427
